STATIONS_ID;MESS_DATUM_BEGINN;MESS_DATUM_ENDE;QN_4;JA_N;JA_TT;JA_TX;JA_TN;JA_FK;JA_SD_S;JA_MX_FX;JA_MX_TX;JA_MX_TN;QN_6;JA_RR;JA_MX_RS;eor
       4063;19500101;19501231;    5;  -999;   8.99;    -999;    5.17;-999;-999;-999;-999;-999;    5;   735.2;   28.5;eor
       4063;19510101;19511231;    5;  5.40;   9.41;   13.58;    5.40;    1.91;-999;-999;  31.6;  -5.6;    5;   704.3;   26.9;eor
       4063;19520101;19521231;    5;  5.73;   8.50;   12.45;    4.72;    2.71;-999;-999;  34.1; -10.5;    5;   647.8;   31.4;eor
       4063;19530101;19531231;    5;  5.39;   9.71;   14.08;    5.69;    2.63;-999;-999;  33.2; -17.5;    5;   473.5;   18.0;eor
       4063;19540101;19541231;    5;  5.44;   8.51;   12.42;    4.66;    3.09;-999;-999;  31.1; -17.1;    5;   841.3;   63.1;eor
       4063;19550101;19551231;    5;  5.26;   8.33;   12.49;    4.21;    2.73;-999;-999;  30.4; -14.8;    5;   567.2;   18.1;eor
       4063;19560101;19561231;    5;  5.75;   7.54;   11.52;    3.79;    2.66;-999;-999;  27.3; -23.5;    5;   778.4;   35.5;eor
       4063;19570101;19571231;    5;  5.63;   9.46;   13.54;    5.51;    2.69;-999;-999;  34.7; -18.1;    5;   753.4;   25.0;eor
       4063;19580101;19581231;    5;  5.68;   8.97;   12.76;    5.49;    2.67;-999;-999;  28.3; -11.3;    5;   780.6;   31.7;eor
       4063;19590101;19591231;    5;  4.65;   9.91;   14.87;    5.12;    2.58;-999;-999;  36.6; -14.5;    5;   426.4;   51.8;eor
       4063;19600101;19601231;    5;  5.57;   9.26;   13.10;    5.75;    2.68;-999;-999;  31.4; -15.7;    5;   764.0;   40.7;eor
       4063;19610101;19611231;    5;  5.39;   9.73;   13.75;    6.17;    2.57;-999;-999;  32.1; -12.4;    5;   867.8;   24.5;eor
       4063;19620101;19621231;    5;  5.50;   7.61;   11.44;    3.94;    2.41;-999;-999;  27.6; -17.2;    5;   610.0;   30.5;eor
       4063;19630101;19631231;    5;  5.21;   7.54;   11.55;    3.42;    2.36;-999;-999;  35.1; -18.8;    5;   616.3;   32.2;eor
       4063;19640101;19641231;    5;  5.27;   8.80;   12.98;    4.77;    2.66;-999;-999;  35.1; -12.4;    5;   544.1;   26.4;eor
       4063;19650101;19651231;    5;  5.65;   8.23;   12.17;    4.72;    2.71;-999;-999;  27.6; -12.0;    5;   817.5;   25.7;eor
       4063;19660101;19661231;    5;  5.78;   9.15;   12.87;    5.69;    2.49;-999;-999;  32.6; -11.7;    5;   926.9;   74.7;eor
       4063;19670101;19671231;    5;  5.45;   9.77;   13.64;    6.19;    2.62;-999;-999;  29.4; -13.5;    5;   927.0;   28.2;eor
       4063;19680101;19681231;    5;  5.39;   8.98;   12.96;    5.40;    2.37;-999;-999;  31.0; -17.7;    5;   712.1;   21.7;eor
       4063;19690101;19691231;    5;  5.27;   8.69;   12.61;    5.07;    2.12;-999;-999;  33.1; -15.9;    5;   596.5;   28.9;eor
       4063;19700101;19701231;    5;  5.28;   8.61;   12.38;    4.94;    2.26;-999;-999;  30.7; -13.4;    5;   723.3;   24.4;eor
       4063;19710101;19711231;    5;  5.55;   9.39;   13.50;    5.39;    2.24;-999;-999;  33.2; -18.5;    5;   490.1;   26.7;eor
       4063;19720101;19721231;    5;  5.64;   8.51;   12.59;    4.75;    2.22;-999;-999;  31.8; -14.1;    5;   594.3;   31.3;eor
       4063;19730101;19731231;    5;  5.54;   9.09;   13.22;    4.98;    2.14;-999;-999;  32.9; -14.5;    5;   694.1;   40.4;eor
       4063;19740101;19741231;    5;  5.87;   9.74;   13.76;    6.02;    2.51;-999;-999;  32.5;  -3.2;    5;   744.8;   38.6;eor
       4063;19750101;19751231;    5;  5.50;   9.89;   14.17;    5.91;    2.32;-999;-999;  34.2;  -8.3;    5;   510.5;   22.2;eor
       4063;19760101;19761231;    5;  5.49;   9.33;   13.63;    5.09;    2.28;-999;-999;  35.1; -11.7;    5;   558.5;   16.4;eor
       4063;19770101;19771231;    5;  5.97;   9.46;   13.33;    5.90;    2.17;-999;-999;  30.0;  -6.0;    5;   690.9;   53.3;eor
       4063;19780101;19781231;    5;  -999;   8.66;   12.49;    5.18;-999;-999;-999;  31.0; -18.0;    5;   722.7;   34.0;eor
       4063;19790101;19791231;    5;  5.97;   8.22;   12.01;    4.77;    2.41;-999;-999;  30.4; -21.6;    5;   754.3;   38.6;eor
       4063;19800101;19801231;    5;  5.73;   8.77;   12.63;    5.01;    2.26;-999;-999;  31.0; -11.1;    5;   701.5;   25.7;eor
       4063;19810101;19811231;   10;  5.80;   9.04;   12.85;    5.51;    1.98;-999;-999;  31.2; -14.5;   10;   942.7;   65.9;eor
       4063;19820101;19821231;   10;  -999;   9.76;   14.10;    5.92;-999;-999;-999;  32.3; -14.9;   10;   639.1;   30.1;eor
       4063;19830101;19831231;   10;  4.81;   9.81;   13.98;    5.52;    2.53;-999;-999;  34.5; -12.0;   10;   627.1;   21.4;eor
       4063;19840101;19841231;   10;  5.42;   8.76;   12.50;    4.95;    2.58;-999;-999;  32.6;  -7.0;   10;   694.0;   28.4;eor
       4063;19850101;19851231;   10;  5.46;   8.02;   11.88;    4.08;    2.58;-999;-999;  31.5; -21.5;   10;   591.0;   20.8;eor
       4063;19860101;19861231;   10;  5.05;   8.44;   12.56;    4.17;    2.64;-999;-999;  33.4; -21.3;   10;   710.9;   39.6;eor
       4063;19870101;19871231;   10;  5.52;   8.04;   11.78;    4.39;    2.37;-999;-999;  31.0; -20.0;   10;   731.2;   24.8;eor
       4063;19880101;19881231;   10;  5.56;   9.72;   13.58;    5.85;    2.58;-999;-999;  29.6;  -7.8;   10;   726.4;   26.5;eor
       4063;19890101;19891231;   10;  4.77;  10.13;   14.45;    5.58;    2.30;-999;-999;  33.0;  -8.6;   10;   620.2;   32.2;eor
       4063;19900101;19901231;   10;  5.14;  10.27;   14.40;    6.03;    2.60;-999;-999;  35.2;  -6.4;   10;   674.3;   26.7;eor
       4063;19910101;19911231;   10;  5.04;   8.90;   13.09;    4.78;    2.26;-999;-999;  33.3; -13.3;    9;   602.7;   34.2;eor
       4063;19920101;19921231;   10;  5.19;  10.01;   14.04;    6.05;    2.39;-999;-999;  38.0;  -9.2;    9;   764.2;   28.0;eor
       4063;19930101;19931231;   10;  5.41;   8.85;   12.77;    5.11;    2.31;-999;-999;  29.0; -12.2;    9;   853.6;   45.3;eor
       4063;19940101;19941231;   10;  5.43;  10.10;   14.08;    6.30;    2.37;-999;-999;  36.3; -12.8;    9;   851.6;   41.4;eor
       4063;19950101;19951231;   10;  5.19;   9.64;   13.85;    5.59;    2.29;-999;-999;  33.4; -11.9;    9;   626.9;   33.1;eor
       4063;19960101;19961231;   10;  5.28;   7.69;   11.75;    3.59;    2.22;-999;-999;  32.0; -19.4;    9;   517.1;   22.4;eor
       4063;19970101;19971231;   10;  5.05;   9.56;   13.95;    5.38;    2.16;-999;-999;  34.2; -24.2;    9;   645.9;   59.1;eor
       4063;19980101;19981231;   10;  5.54;   9.68;   13.47;    6.09;    2.40;-999;-999;  33.3; -13.7;    9;   926.4;   50.0;eor
       4063;19990101;19991231;   10;  5.04;  10.53;   14.79;    6.36;    2.24;-999;-999;  32.7;  -7.4;    9;   669.7;   16.4;eor
       4063;20000101;20001231;   10;  5.27;  10.53;   14.40;    6.77;    2.24;-999;-999;  34.6;  -9.4;    9;   711.5;   54.2;eor
       4063;20010101;20011231;   10;  5.46;   9.70;   13.70;    5.84;    2.09;-999;-999;  34.0; -13.4;    9;   757.8;   21.9;eor
       4063;20020101;20021231;   10;  5.10;  10.16;   14.19;    6.36;    2.24;-999;-999;  34.5; -10.3;    9;   966.3;   46.7;eor
       4063;20030101;20031231;   10;  -999;   -999;    -999;    -999;-999;-999;-999;  38.1; -14.2;    9;   519.0;   19.9;eor
       4063;20040101;20041231;   10;  5.03;   -999;    -999;    -999;    1.98;-999;-999;-999;-999;    9;-999;-999;eor
       4063;20050101;20051231;   10;  4.93;   9.88;   14.52;    5.16;    1.89; 1513.40;-999;  32.8; -16.2;    9;   633.8;   27.7;eor
       4063;20060101;20061231;   10;  5.01;  10.45;   15.09;    5.76;    1.96; 1521.40;-999;  37.6; -14.5;    9;   616.5;   28.6;eor
       4063;20070101;20071231;   10;  5.27;  10.70;   15.25;    6.14;    2.02; 1392.00;-999;  35.3;  -8.5;    9;   782.4;   31.3;eor
       4063;20080101;20081231;   10;  -999;  10.28;   14.87;    5.73;-999; 1407.20;-999;  34.0; -10.4;    9;   675.9;   41.9;eor
       4063;20090101;20091231;   10;  -999;  10.24;   15.05;    5.41;-999; 1592.40;-999;  37.8; -17.4;    9;   676.0;   43.6;eor
       4063;20100101;20101231;   10;  5.53;   8.68;   13.26;    3.94;    1.67; 1391.50;-999;  37.2; -19.6;    9;   616.1;   63.7;eor
       4063;20110101;20111231;   10;  4.92;  10.52;   15.48;    5.68;    1.87; 1540.80;-999;  32.5;  -8.5;    9;   537.7;   24.4;eor
       4063;20120101;20121231;   10;  -999;  10.02;   14.86;    5.32;-999; 1413.30;-999;  37.7; -17.1;    9;   556.9;   18.9;eor
       4063;20130101;20131231;   10;  -999;   9.45;   13.91;    4.92;-999;-999;-999;  36.5; -15.2;    9;   534.8;   29.7;eor
       4063;20140101;20141231;   10;  -999;  11.18;   15.96;    6.52;-999;-999;-999;  34.5;  -8.2;    9;   609.3;   17.8;eor
       4063;20150101;20151231;    3;  -999;  10.40;   14.71;    5.65;-999; 1701.26;-999;  37.7;  -7.1;-999;-999;-999;eor
       4063;20160101;20161231;    3;  -999;  10.17;   14.41;    5.63;-999; 1642.79;-999;  34.2; -13.8;    9;   654.9;   42.8;eor
       4063;20170101;20171231;    3;  -999;  10.33;   14.43;    5.98;-999; 1479.23;-999;  35.5;  -9.1;    9;   694.6;   24.8;eor
       4063;20180101;20181231;    3;  -999;  11.07;   15.97;    5.75;-999;-999;-999;  37.2; -11.8;    9;   415.5;   14.8;eor
       4063;20190101;20191231;    3;  -999;  10.95;   15.59;    5.93;-999; 1796.28;-999;  39.1;  -9.1;    3;   637.6;   28.0;eor
